{
  "maxCapacity": 15,
  "demands": [0, 4, 6, 3, 5, 3, 6 ],
  "distanceMatrix": [
    [ -1, 20, 18, 14, 16, 12, 19 ],
    [ 20, -1, 22, 18, 30, 26, 28 ],
    [ 18, 22, -1, 32, 20, 22, 21 ],
    [ 14, 18, 32, -1, 20, 22, 21 ],
    [ 16, 30, 20, 20, -1, 30, 32 ],
    [ 12, 26, 22, 22, 30, -1, 26 ],
    [ 19, 28, 21, 21, 32, 26, -1 ]
  ]
}